1 1 6 1 1 1 1 1 1 1 1 1 1 1 1 1 1 1 1 1 1 1 1 1 1 1 1 1 1 1 1 1 1 1 1 1 1 1 1 1 1 1 1 1 1 1 1 1 1 1 1 1 1 1 1 1 1 1 1 1 1 1 1 1 1 1 1 1 1 1 1 1 1 1 1 1 1 1 2 1 1
1 0 0 0 1 0 0 0 0 0 0 1 0 0 7 0 7 0 7 0 7 0 7 0 7 3 7 0 7 0 0 0 0 0 0 0 0 1 1 1 1 1 1 1 1 1 1 1 1 1 1 1 0 0 0 7 11 7 0 7 0 7 0 7 0 7 0 7 0 7 0 0 12 1 0 0 0 0 0 0 1
1 0 0 0 1 0 0 0 0 0 0 1 0 0 7 3 7 0 7 0 7 0 7 0 7 3 7 0 7 3 0 0 0 0 0 0 0 1 1 1 1 1 1 1 1 1 1 1 1 1 1 1 0 0 0 7 11 7 0 7 0 7 0 7 0 7 0 7 0 7 0 0 0 1 0 0 0 0 0 0 1
1 0 0 0 1 0 0 0 0 0 0 1 0 0 0 0 0 0 0 0 0 0 0 0 0 0 0 0 0 0 0 0 0 0 0 0 0 1 1 1 1 1 1 1 1 1 1 1 1 1 1 1 0 0 0 0 0 0 0 0 0 0 0 0 0 0 0 0 0 0 0 0 0 1 0 0 0 0 0 0 1
1 0 0 0 1 0 0 0 0 0 0 1 0 0 7 0 7 0 7 0 7 0 7 0 7 3 7 0 7 0 0 0 0 3 0 0 0 1 1 1 1 1 1 1 1 1 1 1 1 1 1 1 0 0 0 7 3 7 0 7 0 7 11 7 0 7 0 7 0 7 0 0 0 1 0 0 0 0 0 0 1
1 0 0 0 1 9 0 11 0 0 0 1 1 0 7 3 7 0 7 0 7 0 7 0 7 3 7 0 7 0 0 0 0 0 0 0 0 1 1 1 1 1 1 1 1 1 1 1 1 1 1 1 0 0 0 7 3 7 11 7 0 7 11 7 0 7 0 7 0 7 0 0 0 1 0 0 0 0 0 0 1
1 0 0 0 1 9 9 9 9 0 0 1 1 0 0 0 0 0 0 0 0 0 0 0 0 0 0 0 0 0 0 0 3 0 0 0 0 1 1 1 1 1 1 1 1 1 1 1 1 1 1 1 1 0 0 0 0 0 0 0 0 0 0 0 0 0 0 0 0 0 0 0 0 1 0 0 0 0 0 0 1
1 0 0 0 1 1 1 1 1 0 0 1 1 0 7 3 7 0 7 0 7 0 7 3 7 0 7 0 7 0 0 0 0 0 0 0 0 1 1 1 1 1 1 1 1 1 1 1 1 1 1 1 1 0 0 7 3 7 0 7 0 7 0 7 0 7 0 7 0 7 0 0 0 1 0 0 0 0 0 0 1
1 0 0 0 1 0 0 0 0 0 0 1 1 0 7 11 7 0 7 0 7 0 7 3 7 0 7 0 7 0 0 0 0 0 0 0 0 1 1 1 1 1 1 1 1 1 1 1 1 1 1 1 1 0 0 7 3 7 0 7 0 7 0 7 0 7 0 7 0 7 0 0 0 1 0 0 0 0 0 0 1
1 0 0 0 1 0 0 0 0 0 7 1 1 0 0 0 0 0 0 0 0 0 0 0 0 0 0 0 0 0 0 0 0 0 0 0 0 1 1 1 1 1 1 1 1 1 1 1 1 1 1 1 1 0 0 0 0 0 0 0 0 0 0 0 0 0 0 0 0 0 0 0 0 1 0 0 0 0 0 0 1
1 0 0 0 1 0 0 0 0 0 7 1 1 0 7 0 7 0 7 0 7 0 7 0 7 0 7 0 7 0 0 0 0 0 0 0 0 1 1 1 1 1 1 1 1 1 1 1 1 1 1 1 1 0 0 7 3 7 0 7 0 7 0 7 3 7 0 7 0 7 0 0 0 1 0 0 0 0 0 0 1
1 0 0 0 1 0 0 0 0 0 7 1 1 0 7 3 7 0 7 0 7 0 7 0 7 0 7 0 7 0 0 0 0 0 0 0 0 1 1 1 1 1 1 1 1 1 1 1 1 1 1 1 1 0 0 7 3 7 0 7 0 7 11 7 0 7 0 7 0 7 0 0 0 1 0 0 0 0 0 0 1
1 0 0 0 1 0 0 0 0 0 7 1 1 0 0 0 0 0 0 0 0 0 0 0 0 0 0 0 0 0 0 0 0 3 0 0 0 1 1 1 1 1 1 1 1 1 1 1 1 1 1 1 1 0 0 0 0 0 0 0 0 0 0 0 0 0 0 0 0 0 0 0 0 1 0 0 0 0 0 0 1
1 0 0 0 1 0 0 0 0 0 7 1 1 0 7 0 7 0 7 0 7 0 7 3 7 0 7 0 7 0 0 0 0 0 0 0 0 1 1 1 1 1 1 1 1 1 1 1 1 1 1 1 1 0 0 7 3 7 3 7 0 7 0 7 0 7 0 7 0 7 0 0 0 1 0 0 0 0 0 0 1
1 0 0 0 1 0 0 0 0 0 7 1 1 0 7 0 7 0 7 0 7 0 7 0 7 0 7 0 7 0 0 0 0 0 0 0 0 1 1 1 1 1 1 1 1 1 1 1 1 1 1 1 1 0 0 7 3 7 0 7 0 7 0 7 3 7 0 7 0 7 0 0 0 1 0 0 0 0 0 0 1
1 0 0 0 1 0 0 0 0 0 7 1 0 0 0 0 0 0 0 11 0 0 0 0 0 0 0 0 0 0 0 0 0 0 3 0 0 1 1 1 1 1 1 1 1 1 1 1 1 1 1 1 0 0 0 0 0 0 0 0 0 0 0 0 0 0 0 0 0 0 0 0 0 1 0 0 0 0 0 0 1
1 0 0 11 1 0 0 0 0 0 7 1 0 0 7 3 7 0 7 0 7 0 7 0 7 0 7 0 7 0 0 0 0 0 0 0 0 1 1 1 1 1 1 1 1 1 1 1 1 1 1 1 0 0 0 7 3 7 0 7 0 7 0 7 0 7 0 7 0 7 0 0 0 1 0 0 0 0 0 0 1
1 0 0 3 1 0 0 0 0 0 7 1 0 0 7 3 7 3 7 0 7 0 7 0 7 0 7 0 7 0 0 0 0 0 0 0 0 1 1 1 1 1 1 1 1 1 1 1 1 1 1 1 0 0 0 7 3 7 3 7 0 7 0 7 0 7 0 7 0 7 0 0 0 1 0 0 0 0 0 0 1
1 0 0 0 1 0 0 0 0 0 7 1 0 0 0 0 0 0 0 0 0 0 0 0 0 0 0 0 0 0 0 0 0 0 0 3 0 1 1 1 1 1 1 1 1 1 1 1 1 1 1 1 0 0 0 0 0 0 8 0 0 0 0 0 0 0 0 0 0 0 0 0 0 1 0 0 0 0 0 0 1
1 0 0 0 1 1 10 1 1 1 1 1 1 1 1 1 4 1 1 1 1 1 1 1 1 1 1 1 1 1 1 1 4 1 1 1 1 1 1 1 1 1 1 1 1 1 1 1 5 1 1 1 1 0 1 1 1 1 1 1 1 1 1 1 1 1 1 1 1 1 1 1 1 1 0 0 0 0 0 0 1
1 0 0 0 0 0 0 0 0 0 0 0 0 0 0 0 0 0 0 11 0 0 0 0 0 0 0 0 0 0 0 0 0 0 0 11 0 0 0 0 0 0 0 0 0 0 0 0 0 0 0 0 0 0 0 0 0 0 0 0 0 0 0 0 0 0 0 0 0 0 0 0 0 0 0 0 0 0 0 0 1
1 0 0 0 0 0 0 0 0 0 0 0 0 0 0 0 0 0 0 0 0 0 0 0 3 0 0 0 0 0 0 0 0 0 0 0 0 0 0 0 3 0 0 0 0 0 0 0 0 0 0 0 0 0 0 0 0 0 0 0 0 0 0 0 0 0 0 0 0 0 0 0 0 0 0 0 0 0 0 0 1
1 0 0 0 0 0 0 0 0 0 0 0 0 0 0 0 0 0 0 0 0 0 0 0 11 0 0 0 0 0 0 0 0 0 0 0 0 0 0 0 0 0 0 0 0 0 0 0 0 0 0 0 0 0 0 0 0 0 0 0 0 0 0 0 0 0 0 0 0 0 0 0 0 0 0 0 0 0 0 0 1
1 0 0 0 0 0 0 0 0 0 0 0 0 0 0 0 0 0 0 0 0 0 0 0 0 0 0 0 0 0 0 0 0 0 0 0 0 3 0 0 0 0 0 0 0 0 0 0 0 0 0 0 0 0 0 0 0 0 0 0 0 0 0 0 0 0 0 0 0 0 0 0 0 0 0 0 0 0 0 0 1
1 0 0 0 0 0 0 0 0 0 0 0 0 0 0 0 0 0 0 3 0 0 0 0 0 0 0 0 0 0 0 0 0 0 0 0 0 0 0 0 0 0 0 0 0 11 0 0 0 0 0 0 0 0 0 0 0 0 0 0 0 0 0 0 0 0 0 0 0 0 0 0 0 0 0 0 0 0 0 0 1
1 1 1 1 1 1 1 1 1 1 1 1 1 1 1 1 1 1 1 1 1 1 1 1 1 1 1 1 1 1 1 1 1 1 1 1 1 1 1 1 1 1 1 1 1 1 1 1 1 1 1 1 1 1 1 1 1 1 1 1 1 1 1 1 1 1 1 1 1 1 1 1 1 1 1 1 1 1 1 1 1