1 1 1 1 1 1 1 1 1 1 1 1 1 1 1 1 1 1 1 1 1 1 1 1 1 1 1 1 1 1 1 1
1 0 6 6 6 0 0 0 1 0 0 0 0 0 0 0 0 0 0 1 0 0 0 0 6 0 0 0 0 0 5 1
1 0 6 6 6 0 0 0 1 0 0 0 0 0 0 0 0 0 0 1 0 0 0 0 6 0 0 6 0 0 0 1
1 0 6 6 6 0 0 0 1 0 0 0 0 0 0 0 0 0 0 1 0 0 0 0 6 0 6 6 6 0 0 1
1 4 6 6 6 0 0 0 1 0 0 0 0 0 0 0 0 0 0 1 0 0 0 0 6 0 0 0 0 0 0 1
1 0 6 6 6 0 0 0 1 0 0 0 0 0 0 0 0 0 0 1 0 0 0 0 6 0 0 6 0 0 0 1
1 0 6 6 6 0 0 0 1 0 0 0 0 0 0 0 0 0 0 1 0 0 0 0 6 4 0 0 0 0 0 1
1 0 0 0 0 0 0 0 1 0 0 0 0 0 0 0 0 0 0 1 0 0 0 0 6 7 7 7 7 7 7 1
1 0 0 0 0 0 0 0 1 0 0 0 0 0 0 0 0 0 0 1 0 0 0 0 0 0 0 0 0 0 0 1
1 0 0 0 0 0 0 0 8 0 0 0 0 0 0 0 0 0 0 1 0 0 0 0 0 0 0 0 0 0 0 1
1 7 7 7 7 0 0 0 1 0 0 0 0 0 0 0 0 0 0 9 0 0 0 0 0 0 0 0 0 0 0 1
1 1 1 1 1 1 1 1 1 0 0 0 0 0 0 0 0 0 0 1 1 1 1 1 1 1 1 1 1 1 1 1
1 0 0 0 0 0 0 0 1 0 0 0 0 0 0 0 0 0 0 0 0 0 0 0 0 0 0 0 0 0 0 1
1 0 0 0 0 0 0 0 1 0 0 0 0 0 0 0 0 0 0 0 0 0 0 0 0 0 0 0 0 0 0 1
1 0 0 0 0 0 0 0 1 0 0 0 0 0 0 0 0 0 0 0 0 0 0 0 0 0 0 0 0 0 0 1
1 0 0 0 7 7 0 0 1 0 0 0 0 0 0 0 0 0 0 0 0 0 0 0 0 0 0 0 0 0 0 2
1 0 0 0 7 7 0 0 1 0 0 0 0 0 0 0 0 0 0 0 0 0 0 0 0 0 0 0 0 0 0 1
1 0 3 0 7 7 0 0 1 0 0 0 0 0 0 0 0 0 0 0 0 0 0 0 0 0 0 0 0 0 0 1
1 7 7 7 7 7 0 0 1 0 0 0 0 0 0 0 0 0 0 1 1 1 1 1 1 1 1 1 1 1 1 1
1 7 7 7 7 7 0 0 1 0 0 0 0 0 0 0 0 0 0 1 0 0 0 0 0 0 0 0 0 6 6 1
1 0 0 0 0 0 0 0 8 0 0 0 0 0 0 0 0 0 0 1 0 0 0 0 0 0 0 0 0 6 6 1
1 0 0 0 0 0 0 0 1 0 0 0 0 0 0 0 0 0 0 8 0 0 0 0 0 3 0 0 0 0 0 1
1 1 1 1 1 1 1 1 1 0 0 0 0 0 0 0 0 0 0 1 6 0 0 7 7 7 7 7 0 6 6 1
1 0 7 7 7 7 7 0 1 0 0 0 0 0 0 0 0 0 0 1 6 0 0 7 7 7 7 7 0 6 6 1
1 0 0 0 4 0 0 0 1 0 0 0 0 0 0 0 0 0 0 1 0 0 0 0 0 0 0 0 0 0 0 1
1 0 7 7 7 7 7 0 1 0 0 0 0 0 0 0 0 0 0 1 6 0 0 0 0 0 0 0 0 0 0 1
1 0 7 7 7 7 7 0 1 0 0 0 0 0 0 0 0 0 0 1 6 0 0 0 0 0 0 0 0 0 0 1
1 0 7 7 7 7 7 0 1 0 0 0 0 0 0 0 0 0 0 1 0 0 0 0 0 0 0 0 0 0 0 1
1 0 0 0 0 0 0 0 1 0 0 0 0 0 0 0 0 0 0 1 1 1 1 1 1 1 1 1 1 1 1 1
1 0 0 0 0 0 0 0 1 0 0 0 0 0 0 0 0 0 0 1 0 0 0 0 0 0 0 0 0 0 0 1
1 0 0 0 0 0 0 0 1 0 0 0 0 0 0 0 0 0 0 1 0 0 0 6 6 7 7 7 0 6 6 1
1 6 6 0 0 0 0 0 8 0 0 0 0 0 0 0 0 0 0 8 0 0 0 6 6 7 7 7 0 6 6 1
1 6 6 0 0 0 0 0 1 0 0 0 0 0 0 0 0 0 0 1 0 0 0 6 6 0 0 0 0 6 6 1
1 1 1 1 1 1 1 1 1 0 0 0 0 0 0 0 0 0 0 1 0 0 0 6 6 4 0 0 0 6 6 1
1 0 0 0 0 0 0 0 1 0 0 0 0 0 0 0 0 0 0 1 0 0 0 6 6 0 0 0 0 0 0 1
1 0 0 0 0 0 0 0 1 0 0 0 0 0 0 0 0 0 0 1 0 0 0 0 0 0 0 0 0 0 0 1
1 0 0 0 0 0 0 0 1 0 0 0 0 0 0 0 0 0 0 1 0 0 0 0 0 0 0 0 0 0 0 1
1 0 0 7 7 7 0 0 8 0 0 0 0 0 0 0 0 0 0 1 0 0 0 0 0 0 0 0 0 0 0 1
1 0 0 7 7 7 0 0 1 0 0 0 0 0 0 0 0 0 0 1 0 0 0 7 7 7 7 0 0 0 0 1
1 0 3 7 7 7 0 0 1 0 0 0 0 0 0 0 0 0 0 1 1 1 1 1 1 1 1 1 1 1 1 1
1 0 0 7 7 7 0 0 1 0 0 0 0 0 0 0 0 0 0 1 0 0 0 0 0 0 0 7 7 6 6 1
1 0 0 7 7 7 0 0 1 0 0 0 0 0 0 0 0 0 0 8 0 0 0 0 0 0 0 7 7 6 6 1
1 0 0 7 7 7 0 0 1 0 0 0 0 0 0 0 0 0 0 1 0 0 0 0 0 3 0 0 0 0 0 1
1 0 0 0 0 0 0 0 1 0 0 0 0 0 0 0 0 0 0 1 0 0 0 0 7 7 7 0 0 0 0 1
1 0 0 0 0 0 0 0 1 0 0 0 0 0 0 0 0 0 0 1 0 0 0 0 7 7 7 0 0 0 0 1
1 0 0 0 0 0 0 0 1 0 0 0 0 0 0 0 0 0 0 1 0 0 0 0 0 0 0 0 0 0 0 1
1 7 7 7 7 7 7 7 1 0 0 0 0 0 0 0 0 0 0 1 0 0 0 7 7 7 7 7 7 0 0 1
1 1 1 1 1 1 1 1 1 1 1 1 1 1 1 1 1 1 1 1 1 1 1 1 1 1 1 1 1 1 1 1