1 1 1 1 1 1 1 1 1 1 1 1 1 1 1 1 1 1 1 1 1 1 1 1 1 1 1 1 1 1 1 1 1 1 1 1 1 1 1 1 1 1 1 1 1 1 1 1 1 1 1 1 1 1 1 1 1 1 1 1 1
1 0 6 3 3 6 0 0 3 3 0 0 0 3 3 0 0 0 3 3 0 0 0 3 3 0 6 3 3 6 0 6 3 3 6 0 0 3 3 0 0 0 0 1 10 0 0 0 0 0 0 0 0 0 0 0 0 0 0 0 1
1 0 6 3 3 7 0 0 3 3 0 0 0 3 3 0 0 0 3 3 0 0 0 3 3 0 6 3 3 6 0 6 3 3 6 0 0 3 3 0 0 0 0 1 0 7 0 0 7 0 0 7 0 0 0 1 0 0 0 0 1
1 0 7 3 3 7 0 0 3 3 0 0 0 3 3 0 0 0 3 3 0 0 0 3 3 0 7 3 3 7 0 6 3 3 6 0 0 3 3 0 0 0 0 1 1 1 1 1 1 1 1 1 1 1 1 1 0 0 0 0 1
1 0 7 3 3 6 0 0 3 3 0 0 0 3 3 0 0 0 3 3 0 0 0 3 3 0 7 3 3 7 0 6 3 3 6 0 0 3 3 0 0 0 8 7 7 6 7 6 7 0 0 0 0 0 0 0 0 0 0 0 1
1 0 6 3 3 6 0 0 3 3 0 0 0 3 3 0 0 0 3 3 0 0 0 3 3 0 7 3 3 7 0 6 3 3 6 0 0 3 3 0 0 0 8 6 0 0 0 0 0 0 0 0 0 0 0 0 0 0 0 11 1
1 0 0 0 0 0 0 0 0 0 0 0 0 0 0 0 0 0 0 0 0 0 0 0 0 0 0 0 0 0 0 0 0 0 0 0 0 0 0 0 0 0 8 6 0 0 0 0 0 0 0 0 0 0 0 0 0 0 0 11 1
1 0 0 0 0 0 0 0 0 0 0 0 0 0 0 0 6 0 6 0 7 7 0 0 0 7 6 0 6 7 0 0 7 0 0 0 0 0 0 0 0 0 8 0 0 0 0 0 0 0 0 0 0 0 0 0 0 0 6 11 1
1 0 0 0 0 0 0 0 0 0 0 0 0 0 0 0 0 0 0 0 0 0 0 0 0 0 0 0 0 0 0 0 0 0 0 0 0 0 0 0 0 0 0 0 0 0 0 0 0 0 0 0 0 0 0 0 0 0 0 0 1
1 0 0 3 3 0 0 0 3 3 0 0 0 3 3 0 0 7 3 3 6 0 0 3 3 0 0 3 3 0 0 0 3 3 0 0 0 3 3 0 0 0 0 0 0 0 0 0 0 0 0 0 0 0 0 0 0 0 6 11 1
1 0 0 3 3 0 0 0 3 3 0 0 0 3 3 0 0 7 3 3 7 0 0 3 3 0 0 3 3 0 0 0 3 3 0 0 0 3 3 0 0 0 0 0 0 0 0 0 0 0 0 0 0 0 0 0 0 0 6 11 1
1 0 0 3 3 0 0 0 3 3 0 0 0 3 3 0 0 7 3 3 7 0 0 3 3 0 0 3 3 0 0 0 3 3 6 0 0 3 3 0 0 0 0 0 0 0 0 0 0 0 0 0 0 0 6 6 7 7 7 11 1
1 0 0 3 3 0 0 0 3 3 0 0 0 3 3 0 0 7 3 3 7 0 0 3 3 0 7 3 3 6 0 0 3 3 6 0 0 3 3 0 0 0 0 0 0 0 0 0 0 0 0 0 0 7 0 0 0 0 0 11 1
1 5 0 3 3 0 0 0 3 3 0 0 0 3 3 0 0 7 3 3 7 0 0 3 3 0 7 3 3 6 0 0 3 3 0 0 0 3 3 0 0 0 3 3 0 0 0 0 0 0 0 0 6 0 0 0 0 0 0 11 1
1 5 0 3 3 0 0 0 3 3 0 0 0 3 3 0 0 6 3 3 7 0 0 3 3 0 0 3 3 0 0 0 3 3 7 0 0 3 3 0 0 0 3 3 0 0 0 0 0 0 0 7 0 0 0 0 0 0 0 11 1
1 5 0 3 3 0 0 0 3 3 0 0 0 3 3 0 0 6 3 3 6 0 0 3 3 0 0 3 3 0 0 0 3 3 7 0 0 3 3 0 0 0 3 3 0 0 0 0 0 0 7 0 0 0 0 0 0 0 0 0 1
1 5 0 3 3 0 0 0 3 3 0 0 0 3 3 0 0 6 3 3 6 0 0 3 3 0 0 3 3 0 0 0 3 3 0 0 0 3 3 0 0 0 3 3 0 0 0 0 0 7 0 0 0 0 0 0 0 0 0 0 1
1 5 0 3 3 0 0 0 3 3 0 0 0 3 3 0 0 6 3 3 6 0 0 3 3 0 0 3 3 0 0 0 3 3 0 0 0 3 3 0 0 0 3 3 0 0 0 0 6 6 0 0 0 0 0 0 0 0 0 0 1
1 5 0 3 3 0 0 0 3 3 0 0 0 3 3 0 0 6 3 3 6 0 0 3 3 0 0 3 3 0 0 0 3 3 0 0 0 3 3 0 0 0 3 3 0 0 0 0 6 0 0 0 0 0 0 0 0 0 0 0 1
1 0 0 0 0 0 0 0 0 0 0 0 0 0 0 0 0 0 0 0 0 0 0 0 0 0 0 0 0 0 0 0 0 0 0 0 0 0 0 0 0 0 0 0 0 0 7 7 0 0 9 9 9 9 9 9 9 9 0 0 1
1 4 0 0 0 0 0 0 0 0 0 0 0 0 0 0 0 0 0 0 0 0 0 0 0 0 0 0 0 0 0 0 0 0 0 0 0 0 0 0 0 0 0 0 6 6 0 0 1 1 1 1 1 1 1 1 1 1 1 1 1
1 0 0 0 0 0 0 0 0 0 0 0 0 0 0 0 0 0 0 0 0 0 0 0 0 0 0 0 0 0 0 0 0 0 0 0 0 0 0 0 0 0 0 7 0 0 0 0 0 5 5 5 5 5 5 5 0 0 0 0 1 
2 0 0 0 0 0 0 0 0 0 0 0 0 0 0 0 0 0 0 0 0 0 0 0 0 0 0 0 0 0 0 0 0 0 0 0 0 0 0 0 0 0 0 0 0 0 0 0 0 0 0 0 0 0 0 0 0 0 0 0 1
1 0 0 0 0 0 0 0 0 0 0 0 0 0 0 0 0 0 0 0 0 0 0 0 0 0 0 0 0 0 0 0 0 0 0 0 0 0 0 0 0 0 0 0 0 0 0 0 0 0 0 0 0 0 0 0 0 0 0 0 2
1 4 0 0 0 0 0 0 0 0 0 0 0 0 0 0 0 0 0 0 0 0 0 0 0 0 0 0 0 0 0 0 0 0 0 0 0 0 0 0 0 0 0 0 0 0 0 0 0 0 0 0 0 0 0 0 0 0 0 0 1
1 1 1 1 1 1 1 1 1 1 1 1 1 1 1 1 1 1 1 1 1 1 1 1 1 1 1 1 1 1 1 1 1 1 1 1 1 1 1 1 1 1 1 1 1 1 1 1 1 1 1 1 1 1 1 1 1 1 1 1 1